4
180 95
0 154 587 634
154 0 533 214
587 533 0 945
634 214 945 0
3 11
2 2
6 15
1 2
30
NP 3 1 2 700
NP 3 2 2 588
EP 5 3 2 400 8
EP 8 4 2 450 8
EP 12 5 2 433 5
NP 12 6 2 80
SP 13 7 1 588
NP 14 8 3 400
EP 15 9 1 450 8
EP 18 10 4 433 5
NP 20 11 2 80
SP 20 12 1 588
SP 20 13 1 588
NP 21 14 3 400
EP 22 15 1 450 8
EP 25 16 4 433 5
NP 25 17 2 80
SP 26 18 1 588
SP 28 19 1 588
NP 30 20 3 400
EP 30 21 1 450 8
EP 31 22 4 433 5
NP 34 23 2 80
SP 36 24 1 588
SP 38 25 1 588
NP 40 26 3 400
EP 40 27 1 450 8
EP 40 28 4 433 5
NP 41 29 2 80
SP 42 30 1 588
2
1 2 1
2 1 2

